550.0
600.0
440.0
490.0
600.0
460.0
460.0
490.0
310.0
240.0
470.0
500.0
500.0
390.0
1910.0
680.0
670.0
650.0
220.0
410.0
460.0
480.0
660.0
240.0
490.0
490.0
500.0
700.0
720.0
680.0
350.0
490.0
620.0
680.0
490.0
310.0
660.0
220.0
340.0
600.0
280.0
840.0
690.0
150.0
550.0
550.0
660.0
580.0
470.0
300.0
520.0
490.0
630.0
440.0
810.0
490.0
270.0
160.0
490.0
600.0
510.0
490.0
550.0
420.0
290.0
810.0
400.0
680.0
250.0
320.0
590.0
550.0
490.0
610.0
610.0
300.0
390.0
490.0
570.0
540.0
560.0
470.0
510.0
330.0
590.0
390.0
340.0
290.0
530.0
640.0
490.0
340.0
490.0
630.0
570.0
650.0
470.0
350.0
440.0
430.0
340.0
560.0
330.0
470.0
620.0
530.0
470.0
490.0
660.0
500.0
500.0
320.0
530.0
190.0
1400.0
410.0
450.0
240.0
580.0
570.0
1020.0
700.0
350.0
670.0
390.0
790.0
700.0
680.0
520.0
430.0
380.0
490.0
360.0
530.0
680.0
330.0
390.0
210.0
920.0
600.0
680.0
560.0
920.0
380.0
580.0
230.0
600.0
390.0
430.0
640.0
590.0
360.0
490.0
390.0
310.0
460.0
310.0
140.0
490.0
560.0
420.0
540.0
490.0
550.0
820.0
660.0
510.0
510.0
470.0
610.0
200.0
520.0
490.0
420.0
510.0
490.0
490.0
380.0
510.0
570.0
580.0
490.0
280.0
270.0
490.0
420.0
620.0
380.0
240.0
340.0
250.0
540.0
240.0
450.0
350.0
280.0
690.0
620.0
550.0
460.0
490.0
270.0
260.0
700.0
560.0
420.0
490.0
600.0
490.0
400.0
470.0
950.0
240.0
540.0
570.0
540.0
540.0
120.0
490.0
340.0
560.0
350.0
450.0
650.0
550.0
950.0
500.0
250.0
640.0
490.0
400.0
360.0
490.0
740.0
660.0
1900.0
630.0
310.0
400.0
230.0
510.0
350.0
730.0
770.0
570.0
590.0
640.0
950.0
540.0
690.0
300.0
970.0
370.0
230.0
660.0
330.0
310.0
320.0
350.0
460.0
450.0
470.0
530.0
530.0
380.0
490.0
290.0
490.0
490.0
420.0
680.0
490.0
230.0
550.0
490.0
550.0
460.0
570.0
700.0
570.0
520.0
490.0
1150.0
350.0
680.0
460.0
540.0
350.0
440.0
470.0
360.0
470.0
590.0
470.0
290.0
400.0
660.0
590.0
400.0
660.0
240.0
400.0
260.0
410.0
310.0
1130.0
390.0
490.0
510.0
300.0
540.0
490.0
160.0
270.0
490.0
600.0
600.0
600.0
370.0
980.0
260.0
820.0
600.0
550.0
700.0
1220.0
980.0
240.0
470.0
550.0
920.0
540.0
470.0
300.0
450.0
440.0
750.0
550.0
370.0
380.0
530.0
1070.0
1630.0
700.0
360.0
470.0
400.0
500.0
490.0
420.0
550.0
640.0
660.0
920.0
950.0
490.0
500.0
310.0
510.0
650.0
160.0
570.0
350.0
430.0
360.0
720.0
640.0
640.0
360.0
1180.0
600.0
550.0
310.0
480.0
650.0
700.0
660.0
1490.0
490.0
550.0
680.0
920.0
310.0
310.0
530.0
490.0
590.0
500.0
340.0
450.0
190.0
920.0
920.0
470.0
420.0
510.0
200.0
490.0
300.0
550.0
600.0
550.0
490.0
410.0
320.0
530.0
420.0
470.0
650.0
750.0
740.0
580.0
490.0
420.0
390.0
360.0
620.0
470.0
640.0
540.0
490.0
470.0
480.0
540.0
470.0
370.0
470.0
1000.0
750.0
340.0
670.0
430.0
500.0
430.0
550.0
380.0
740.0
470.0
480.0
300.0
400.0
510.0
620.0
660.0
910.0
660.0
220.0
300.0
470.0
320.0
540.0
990.0
480.0
490.0
410.0
680.0
560.0
430.0
350.0
390.0
430.0
330.0
490.0
310.0
290.0
460.0
350.0
600.0
660.0
570.0
520.0
660.0
620.0
650.0
360.0
260.0
260.0
1930.0
570.0
490.0
490.0
640.0
660.0
700.0
150.0
290.0
700.0
250.0
470.0
690.0
360.0
540.0
780.0
450.0
330.0
430.0
540.0
1210.0
590.0
890.0
500.0
660.0
640.0
640.0
300.0
490.0
420.0
920.0
660.0
660.0
480.0
420.0
550.0
420.0
350.0
400.0
490.0
530.0
420.0
1780.0
390.0
270.0
490.0
620.0
490.0
570.0
400.0
430.0
630.0
490.0
490.0
470.0
420.0
490.0
600.0
450.0
720.0
570.0
360.0
1000.0
620.0
480.0
490.0
430.0
350.0
490.0
420.0
490.0
590.0
490.0
550.0
540.0
540.0
570.0
1100.0
200.0
490.0
620.0
640.0
430.0
570.0
390.0
500.0
550.0
510.0
490.0
280.0
540.0
530.0
470.0
550.0
490.0
330.0
470.0
390.0
920.0
540.0
490.0
490.0
490.0
670.0
660.0
380.0
1070.0
410.0
480.0
630.0
310.0
650.0
490.0
430.0
400.0
600.0
590.0
270.0
500.0
380.0
490.0
510.0
410.0
420.0
1060.0
490.0
260.0
600.0
470.0
490.0
410.0
590.0
610.0
490.0
340.0
280.0
270.0
500.0
620.0
660.0
640.0
290.0
430.0
280.0
490.0
490.0
290.0
820.0
690.0
470.0
270.0
490.0
450.0
780.0
490.0
1050.0
620.0
490.0
340.0
920.0
580.0
490.0
660.0
470.0
420.0
560.0
490.0
250.0
390.0
560.0
310.0
370.0
380.0
590.0
510.0
920.0
460.0
350.0
490.0
430.0
420.0
480.0
610.0
350.0
490.0
490.0
640.0
500.0
720.0
360.0
530.0
490.0
270.0
420.0
550.0
460.0
520.0
790.0
560.0
470.0
460.0
660.0
420.0
280.0
610.0
390.0
490.0
290.0
540.0
680.0
470.0
480.0
260.0
590.0
680.0
400.0
630.0
590.0
410.0
530.0
490.0
540.0
440.0
420.0
430.0
1050.0
430.0
340.0
600.0
480.0
590.0
550.0
400.0
510.0
530.0
630.0
500.0
540.0
390.0
590.0
480.0
660.0
460.0
930.0
620.0
590.0
350.0
680.0
540.0
570.0
470.0
560.0
390.0
460.0
180.0
490.0
370.0
450.0
460.0
660.0
520.0
490.0
660.0
400.0
290.0
320.0
370.0
210.0
400.0
360.0
490.0
1310.0
300.0
490.0
620.0
840.0
490.0
400.0
240.0
360.0
490.0
430.0
370.0
250.0
390.0
330.0
540.0
420.0
340.0
590.0
340.0
320.0
550.0
570.0
490.0
1770.0
490.0
450.0
460.0
490.0
590.0
350.0
490.0
540.0
420.0
420.0
490.0
790.0
630.0
640.0
680.0
310.0
250.0
430.0
540.0
600.0
570.0
490.0
490.0
420.0
770.0
410.0
370.0
420.0
590.0
490.0
330.0
380.0
390.0
260.0
510.0
420.0
310.0
480.0
450.0
420.0
390.0
520.0
330.0
450.0
490.0
490.0
680.0
670.0
280.0
550.0
490.0
1010.0
350.0
450.0
750.0
560.0
490.0
740.0
250.0
490.0
580.0
430.0
490.0
260.0
190.0
600.0
1280.0
420.0
700.0
510.0
620.0
460.0
330.0
470.0
500.0
270.0
300.0
470.0
520.0
500.0
680.0
620.0
700.0
360.0
660.0
490.0
580.0
540.0
650.0
560.0
460.0
480.0
250.0
430.0
350.0
480.0
490.0
560.0
460.0
570.0
540.0
420.0
1070.0
410.0
850.0
220.0
480.0
490.0
120.0
240.0
840.0
490.0
790.0
1780.0
840.0
200.0
620.0
340.0
1030.0
590.0
440.0
490.0
490.0
650.0
990.0
260.0
460.0
640.0
490.0
420.0
260.0
740.0
470.0
610.0
490.0
490.0
510.0
770.0
730.0
550.0
220.0
850.0
920.0
260.0
510.0
300.0
490.0
390.0
940.0
660.0
510.0
350.0
380.0
400.0
730.0
420.0
390.0
560.0
770.0
910.0
590.0
400.0
920.0
310.0
640.0
290.0
470.0
600.0
410.0
560.0
400.0
350.0
420.0
440.0
490.0
490.0
620.0
350.0
370.0
770.0
560.0
510.0
610.0
960.0
620.0
300.0
470.0
440.0
1090.0
650.0
420.0
400.0
490.0
540.0
580.0
650.0
770.0
250.0
590.0
660.0
540.0
400.0
600.0
490.0
490.0
400.0
490.0
540.0
730.0
780.0
490.0
490.0
570.0
360.0
640.0
230.0
320.0
490.0
640.0
420.0
950.0
390.0
440.0
350.0
440.0
490.0
490.0
560.0
120.0
720.0
960.0
490.0
390.0
280.0
280.0
340.0
360.0
500.0
2100.0
1010.0
420.0
490.0
470.0
530.0
210.0
370.0
500.0
490.0
400.0
210.0
490.0
750.0
620.0
230.0
350.0
490.0
370.0
550.0
530.0
410.0
660.0
520.0
600.0
510.0
580.0
430.0
490.0
550.0
350.0
300.0
500.0
550.0
490.0
950.0
490.0
630.0
1040.0
730.0
590.0
550.0
590.0
400.0
270.0
920.0
920.0
360.0
560.0
590.0
490.0
510.0
570.0
490.0
380.0
550.0
440.0
540.0
570.0
400.0
210.0
120.0
480.0
540.0
490.0
490.0
640.0
330.0
550.0
490.0
350.0
540.0
200.0
430.0
610.0
660.0
380.0
490.0
510.0
400.0
620.0
250.0
570.0
680.0
630.0
300.0
590.0
470.0
200.0
490.0
590.0
490.0
410.0
550.0
240.0
250.0
300.0
950.0
550.0
420.0
460.0
240.0
350.0
680.0
490.0
600.0
430.0
510.0
660.0
270.0
1060.0
690.0
660.0
600.0
400.0
680.0
1120.0
570.0
470.0
420.0
670.0
390.0
550.0
230.0
490.0
440.0
390.0
1430.0
510.0
540.0
510.0
670.0
430.0
570.0
390.0
840.0
400.0
660.0
330.0
280.0
520.0
800.0
580.0
520.0
550.0
460.0
940.0
370.0
660.0
450.0
430.0
540.0
490.0
1340.0
590.0
390.0
480.0
420.0
350.0
180.0
280.0
650.0
670.0
730.0
490.0
340.0
560.0
490.0
640.0
450.0
1340.0
280.0
390.0
520.0
280.0
490.0
640.0
540.0
380.0
420.0
640.0
490.0
380.0
580.0
460.0
960.0
560.0
640.0
310.0
490.0
1050.0
590.0
490.0
1380.0
210.0
410.0
490.0
550.0
350.0
270.0
490.0
370.0
490.0
380.0
550.0
270.0
210.0
470.0
1030.0
980.0
300.0
560.0
790.0
370.0
610.0
300.0
560.0
740.0
350.0
520.0
710.0
530.0
660.0
180.0
510.0
420.0
490.0
510.0
290.0
480.0
420.0
440.0
270.0
660.0
370.0
490.0
420.0
550.0
580.0
420.0
340.0
310.0
440.0
630.0
420.0
490.0
470.0
600.0
780.0
590.0
520.0
230.0
400.0
380.0
540.0
340.0
490.0
370.0
770.0
370.0
490.0
490.0
480.0
620.0
220.0
340.0
660.0
310.0
470.0
590.0
390.0
570.0
310.0
510.0
550.0
1250.0
480.0
700.0
290.0
340.0
460.0
350.0
500.0
510.0
640.0
620.0
470.0
470.0
510.0
490.0
650.0
510.0
490.0
490.0
360.0
1610.0
490.0
460.0
550.0
640.0
670.0
620.0
450.0
390.0
810.0
550.0
260.0
220.0
490.0
490.0
500.0
930.0
550.0
350.0
490.0
510.0
270.0
570.0
660.0
660.0
270.0
770.0
510.0
760.0
450.0
510.0
560.0
1030.0
330.0
490.0
270.0
590.0
680.0
250.0
490.0
690.0
490.0
340.0
500.0
620.0
490.0
340.0
520.0
490.0
910.0
280.0
490.0
630.0
510.0
520.0
260.0
660.0
900.0
700.0
490.0
840.0
250.0
470.0
590.0
560.0
430.0
240.0
300.0
490.0
660.0
450.0
470.0
510.0
600.0
240.0
180.0
490.0
490.0
420.0
350.0
540.0
450.0
190.0
400.0
510.0
550.0
570.0
490.0
570.0
410.0
280.0
400.0
490.0
590.0
650.0
490.0
250.0
310.0
510.0
540.0
490.0
490.0
570.0
360.0
670.0
490.0
720.0
380.0
300.0
770.0
510.0
550.0
440.0
470.0
500.0
510.0
620.0
320.0
490.0
560.0
400.0
720.0
510.0
590.0
360.0
1060.0
1190.0
640.0
240.0
460.0
470.0
280.0
510.0
400.0
690.0
1060.0
490.0
490.0
240.0
470.0
620.0
350.0
2650.0
370.0
520.0
510.0
450.0
490.0
490.0
510.0
530.0
330.0
600.0
180.0
650.0
490.0
490.0
660.0
390.0
490.0
520.0
490.0
900.0
600.0
470.0
490.0
490.0
180.0
670.0
320.0
480.0
330.0
420.0
490.0
490.0
490.0
390.0
580.0
490.0
650.0
490.0
440.0
490.0
660.0
380.0
320.0
600.0
540.0
820.0
430.0
280.0
510.0
390.0
260.0
570.0
310.0
440.0
920.0
340.0
470.0
560.0
490.0
350.0
300.0
590.0
440.0
710.0
590.0
380.0
490.0
430.0
590.0
420.0
270.0
620.0
390.0
920.0
920.0
610.0
420.0
490.0
420.0
350.0
600.0
240.0
490.0
310.0
400.0
610.0
820.0
740.0
550.0
230.0
680.0
350.0
630.0
340.0
340.0
330.0
550.0
630.0
660.0
490.0
660.0
350.0
560.0
470.0
490.0
490.0
400.0
250.0
370.0
340.0
340.0
330.0
400.0
790.0
550.0
560.0
1330.0
600.0
500.0
580.0
560.0
490.0
810.0
380.0
420.0
680.0
410.0
470.0
270.0
490.0
270.0
500.0
200.0
570.0
370.0
1040.0
550.0
460.0
510.0
670.0
410.0
470.0
540.0
530.0
500.0
820.0
1950.0
690.0
390.0
590.0
220.0
560.0
470.0
620.0
350.0
550.0
510.0
670.0
920.0
310.0
490.0
550.0
470.0
410.0
490.0
400.0
660.0
690.0
490.0
350.0
320.0
470.0
380.0
450.0
680.0
490.0
460.0
490.0
590.0
280.0
1800.0
330.0
590.0
420.0
260.0
410.0
490.0
470.0
470.0
490.0
390.0
420.0
780.0
570.0
490.0
450.0
150.0
490.0
430.0
360.0
640.0
420.0
410.0
320.0
680.0
520.0
490.0
420.0
270.0
490.0
980.0
1160.0
660.0
510.0
490.0
490.0
260.0
570.0
340.0
230.0
480.0
260.0
670.0
690.0
990.0
300.0
300.0
430.0
340.0
590.0
340.0
500.0
950.0
870.0
470.0
410.0
1080.0
490.0
370.0
1030.0
490.0
600.0
660.0
750.0
280.0
450.0
580.0
650.0
680.0
310.0
490.0
320.0
370.0
400.0
290.0
600.0
580.0
620.0
270.0
680.0
430.0
500.0
460.0
560.0
490.0
540.0
490.0
840.0
530.0
260.0
490.0
190.0
810.0
390.0
490.0
490.0
320.0
360.0
420.0
230.0
460.0
370.0
1040.0
300.0
340.0
550.0
490.0
420.0
920.0
420.0
450.0
490.0
500.0
660.0
510.0
360.0
440.0
310.0
390.0
660.0
440.0
310.0
490.0
570.0
820.0
600.0
420.0
250.0
330.0
350.0
550.0
490.0
910.0
660.0
320.0
490.0
690.0
660.0
660.0
1400.0
410.0
620.0
520.0
490.0
590.0
600.0
330.0
500.0
410.0
860.0
450.0
600.0
160.0
310.0
280.0
470.0
470.0
490.0
310.0
670.0
610.0
210.0
520.0
600.0
420.0
700.0
490.0
460.0
640.0
320.0
260.0
360.0
490.0
590.0
350.0
490.0
940.0
290.0
420.0
490.0
700.0
800.0
390.0
400.0
730.0
870.0
400.0
510.0
470.0
450.0
320.0
490.0
550.0
690.0
400.0
640.0
660.0
800.0
380.0
360.0
330.0
440.0
520.0
490.0
660.0
410.0
490.0
490.0
210.0
490.0
490.0
660.0
400.0
540.0
660.0
290.0
440.0
640.0
370.0
490.0
890.0
840.0
1250.0
400.0
460.0
550.0
370.0
460.0
790.0
470.0
600.0
1150.0
1090.0
280.0
550.0
630.0
270.0
590.0
320.0
390.0
320.0
480.0
450.0
600.0
700.0
300.0
490.0
500.0
490.0
300.0
400.0
310.0
490.0
490.0
310.0
290.0
980.0
410.0
480.0
540.0
200.0
290.0
790.0
210.0
340.0
470.0
460.0
490.0
520.0
180.0
390.0
490.0
700.0
580.0
420.0
340.0
260.0
900.0
390.0
490.0
520.0
830.0
710.0
470.0
690.0
820.0
320.0
290.0
660.0
840.0
470.0
320.0
440.0
220.0
540.0
320.0
490.0
560.0
220.0
490.0
590.0
600.0
490.0
440.0
640.0
660.0
550.0
490.0
340.0
490.0
500.0
540.0
690.0
780.0
600.0
380.0
410.0
490.0
550.0
500.0
610.0
460.0
190.0
490.0
1940.0
490.0
810.0
550.0
490.0
560.0
410.0
520.0
600.0
470.0
670.0
530.0
350.0
550.0
490.0
760.0
570.0
840.0
450.0
540.0
300.0
490.0
490.0
680.0
490.0
400.0
590.0
510.0
230.0
360.0
1040.0
430.0
490.0
350.0
360.0
340.0
450.0
420.0
420.0
660.0
490.0
620.0
750.0
420.0
420.0
500.0
460.0
Results - Avg score: 519.25, Min: 120.0, Max: 2650.0