580.0
540.0
310.0
1260.0
500.0
500.0
310.0
410.0
1230.0
710.0
360.0
460.0
540.0
620.0
510.0
750.0
310.0
460.0
460.0
460.0
600.0
910.0
520.0
980.0
470.0
2270.0
430.0
370.0
560.0
370.0
890.0
280.0
920.0
530.0
260.0
930.0
350.0
300.0
280.0
990.0
880.0
490.0
670.0
220.0
330.0
1670.0
640.0
710.0
450.0
420.0
930.0
510.0
1260.0
980.0
170.0
1670.0
540.0
620.0
750.0
1010.0
420.0
380.0
1020.0
550.0
370.0
290.0
470.0
380.0
290.0
610.0
930.0
860.0
2200.0
2340.0
390.0
950.0
860.0
290.0
480.0
1080.0
830.0
550.0
420.0
730.0
670.0
710.0
330.0
220.0
500.0
390.0
370.0
290.0
250.0
1500.0
240.0
250.0
370.0
1030.0
710.0
350.0
750.0
470.0
520.0
490.0
900.0
1120.0
420.0
450.0
930.0
600.0
690.0
610.0
520.0
1010.0
1590.0
1320.0
300.0
620.0
820.0
750.0
2440.0
900.0
1450.0
310.0
530.0
350.0
690.0
860.0
720.0
710.0
3750.0
650.0
450.0
680.0
600.0
530.0
620.0
920.0
2020.0
550.0
750.0
250.0
850.0
580.0
460.0
340.0
650.0
430.0
1660.0
560.0
880.0
610.0
600.0
890.0
390.0
1690.0
530.0
320.0
240.0
910.0
780.0
770.0
480.0
290.0
200.0
240.0
550.0
250.0
310.0
1400.0
840.0
520.0
980.0
2050.0
340.0
960.0
880.0
520.0
1030.0
790.0
1430.0
900.0
450.0
550.0
580.0
300.0
720.0
370.0
840.0
1800.0
840.0
450.0
990.0
440.0
1660.0
270.0
410.0
290.0
550.0
530.0
1310.0
830.0
540.0
950.0
310.0
250.0
830.0
290.0
510.0
770.0
890.0
880.0
840.0
500.0
310.0
380.0
910.0
560.0
390.0
290.0
1720.0
500.0
240.0
1130.0
270.0
290.0
890.0
730.0
770.0
890.0
840.0
230.0
160.0
410.0
1130.0
250.0
940.0
350.0
880.0
850.0
530.0
580.0
900.0
270.0
690.0
930.0
920.0
670.0
960.0
1870.0
1560.0
550.0
250.0
940.0
350.0
530.0
900.0
870.0
310.0
510.0
370.0
940.0
590.0
1250.0
690.0
850.0
940.0
1210.0
350.0
380.0
590.0
900.0
500.0
1010.0
840.0
1820.0
540.0
1780.0
240.0
530.0
400.0
330.0
390.0
800.0
1500.0
710.0
250.0
490.0
720.0
1220.0
1060.0
620.0
940.0
1000.0
290.0
1670.0
2040.0
290.0
790.0
490.0
610.0
1770.0
470.0
890.0
1000.0
330.0
380.0
750.0
550.0
960.0
1290.0
830.0
510.0
440.0
1560.0
590.0
900.0
1710.0
820.0
250.0
610.0
2110.0
740.0
240.0
930.0
380.0
550.0
850.0
910.0
840.0
960.0
210.0
940.0
440.0
550.0
520.0
510.0
380.0
820.0
420.0
350.0
470.0
500.0
660.0
1670.0
830.0
540.0
1720.0
270.0
470.0
2020.0
250.0
1820.0
730.0
380.0
510.0
1110.0
860.0
1020.0
730.0
490.0
980.0
610.0
940.0
580.0
1090.0
920.0
1070.0
850.0
610.0
1040.0
1290.0
280.0
820.0
890.0
290.0
840.0
1240.0
870.0
1550.0
670.0
770.0
370.0
870.0
400.0
750.0
2040.0
530.0
690.0
1390.0
180.0
850.0
940.0
310.0
350.0
1120.0
2060.0
1120.0
290.0
520.0
980.0
200.0
710.0
1130.0
1400.0
190.0
350.0
740.0
310.0
660.0
510.0
540.0
450.0
470.0
890.0
640.0
830.0
520.0
230.0
690.0
830.0
330.0
270.0
350.0
370.0
470.0
2260.0
480.0
930.0
280.0
430.0
840.0
980.0
1010.0
550.0
480.0
620.0
530.0
770.0
430.0
1140.0
720.0
520.0
610.0
740.0
800.0
2020.0
1070.0
290.0
640.0
200.0
1940.0
940.0
1640.0
450.0
380.0
1710.0
620.0
520.0
1800.0
420.0
330.0
440.0
380.0
790.0
700.0
460.0
450.0
1430.0
680.0
980.0
570.0
540.0
890.0
690.0
250.0
510.0
660.0
720.0
2180.0
1210.0
1010.0
890.0
860.0
870.0
740.0
770.0
730.0
940.0
1000.0
300.0
620.0
790.0
2020.0
220.0
350.0
220.0
860.0
320.0
500.0
900.0
430.0
490.0
1240.0
440.0
750.0
710.0
950.0
2020.0
310.0
1450.0
900.0
1110.0
450.0
240.0
1720.0
220.0
1360.0
1640.0
970.0
1090.0
1260.0
680.0
1160.0
500.0
2090.0
250.0
580.0
2020.0
950.0
570.0
600.0
400.0
350.0
390.0
840.0
400.0
300.0
860.0
540.0
1870.0
380.0
890.0
220.0
450.0
560.0
850.0
240.0
1510.0
450.0
240.0
880.0
410.0
520.0
330.0
940.0
360.0
380.0
290.0
420.0
960.0
600.0
320.0
810.0
1150.0
1390.0
520.0
240.0
360.0
980.0
280.0
420.0
460.0
910.0
490.0
520.0
290.0
230.0
690.0
190.0
690.0
130.0
240.0
510.0
1310.0
1590.0
690.0
870.0
960.0
830.0
470.0
580.0
770.0
460.0
1210.0
560.0
250.0
1310.0
670.0
580.0
450.0
970.0
230.0
640.0
1720.0
1580.0
250.0
1720.0
940.0
780.0
350.0
460.0
240.0
450.0
220.0
670.0
970.0
300.0
960.0
720.0
360.0
540.0
900.0
820.0
260.0
880.0
550.0
440.0
820.0
710.0
280.0
200.0
520.0
210.0
600.0
1590.0
600.0
260.0
620.0
570.0
350.0
780.0
930.0
530.0
800.0
480.0
2120.0
530.0
460.0
750.0
320.0
450.0
250.0
290.0
450.0
1520.0
970.0
830.0
540.0
350.0
930.0
650.0
880.0
250.0
300.0
420.0
370.0
560.0
770.0
350.0
720.0
450.0
250.0
410.0
250.0
560.0
430.0
980.0
960.0
520.0
540.0
1170.0
250.0
490.0
590.0
1140.0
790.0
360.0
330.0
790.0
510.0
750.0
1280.0
800.0
530.0
200.0
560.0
820.0
700.0
1950.0
1020.0
430.0
710.0
260.0
310.0
400.0
360.0
690.0
500.0
870.0
230.0
550.0
290.0
880.0
950.0
910.0
550.0
1380.0
260.0
270.0
380.0
250.0
930.0
280.0
750.0
950.0
1440.0
710.0
930.0
850.0
350.0
760.0
1700.0
980.0
1870.0
370.0
750.0
240.0
1130.0
460.0
850.0
550.0
640.0
870.0
900.0
410.0
750.0
550.0
220.0
150.0
910.0
830.0
970.0
600.0
310.0
560.0
590.0
620.0
1720.0
880.0
590.0
450.0
1000.0
1160.0
350.0
500.0
920.0
270.0
200.0
960.0
500.0
920.0
1360.0
330.0
1710.0
1140.0
270.0
890.0
370.0
300.0
210.0
960.0
690.0
1130.0
2020.0
860.0
290.0
290.0
990.0
770.0
240.0
850.0
1160.0
280.0
380.0
1570.0
720.0
880.0
800.0
500.0
480.0
490.0
740.0
360.0
190.0
1100.0
440.0
500.0
340.0
370.0
600.0
340.0
920.0
270.0
320.0
290.0
530.0
1030.0
510.0
530.0
1270.0
280.0
310.0
1180.0
260.0
240.0
370.0
790.0
520.0
300.0
250.0
1340.0
930.0
630.0
450.0
710.0
680.0
620.0
790.0
800.0
900.0
1070.0
480.0
860.0
300.0
530.0
210.0
860.0
480.0
480.0
330.0
330.0
980.0
950.0
720.0
220.0
300.0
510.0
560.0
280.0
1680.0
310.0
370.0
320.0
380.0
420.0
470.0
550.0
300.0
920.0
730.0
410.0
230.0
850.0
400.0
1140.0
350.0
550.0
350.0
520.0
910.0
370.0
520.0
550.0
380.0
480.0
360.0
220.0
1320.0
690.0
780.0
1720.0
900.0
320.0
210.0
350.0
470.0
1070.0
200.0
210.0
520.0
1540.0
540.0
510.0
190.0
470.0
620.0
380.0
1200.0
590.0
740.0
370.0
370.0
1380.0
200.0
880.0
680.0
330.0
850.0
250.0
660.0
550.0
870.0
150.0
950.0
340.0
460.0
200.0
230.0
360.0
890.0
440.0
390.0
1190.0
210.0
370.0
240.0
550.0
330.0
1210.0
690.0
330.0
330.0
350.0
920.0
570.0
1100.0
440.0
510.0
1180.0
1430.0
1060.0
350.0
250.0
200.0
680.0
440.0
500.0
2020.0
160.0
510.0
860.0
860.0
360.0
380.0
240.0
560.0
400.0
860.0
290.0
560.0
300.0
940.0
900.0
370.0
980.0
720.0
350.0
1520.0
450.0
330.0
700.0
520.0
1120.0
960.0
180.0
320.0
530.0
290.0
510.0
900.0
400.0
720.0
550.0
330.0
440.0
690.0
350.0
320.0
250.0
340.0
380.0
840.0
800.0
1790.0
490.0
310.0
470.0
690.0
650.0
1310.0
210.0
930.0
1220.0
750.0
1380.0
870.0
630.0
1310.0
600.0
730.0
350.0
900.0
1030.0
520.0
610.0
610.0
230.0
950.0
280.0
430.0
930.0
380.0
1620.0
620.0
400.0
460.0
500.0
250.0
890.0
370.0
940.0
920.0
1330.0
280.0
320.0
230.0
490.0
480.0
350.0
720.0
400.0
590.0
880.0
380.0
480.0
380.0
350.0
200.0
620.0
270.0
760.0
580.0
420.0
430.0
350.0
420.0
810.0
1160.0
570.0
820.0
880.0
840.0
190.0
1620.0
340.0
1400.0
400.0
800.0
510.0
260.0
320.0
310.0
580.0
690.0
1940.0
250.0
1400.0
280.0
350.0
290.0
450.0
490.0
1700.0
950.0
310.0
790.0
980.0
710.0
610.0
290.0
1210.0
2220.0
540.0
240.0
1030.0
980.0
420.0
460.0
610.0
750.0
350.0
520.0
420.0
520.0
830.0
660.0
620.0
1000.0
900.0
1700.0
950.0
1500.0
250.0
900.0
240.0
770.0
450.0
580.0
650.0
650.0
510.0
290.0
980.0
520.0
830.0
840.0
350.0
160.0
880.0
290.0
210.0
870.0
330.0
900.0
460.0
930.0
1020.0
840.0
450.0
810.0
880.0
490.0
350.0
1010.0
900.0
970.0
880.0
360.0
910.0
680.0
610.0
320.0
770.0
330.0
230.0
420.0
930.0
490.0
600.0
180.0
230.0
630.0
490.0
410.0
360.0
710.0
500.0
1010.0
600.0
1280.0
350.0
300.0
220.0
860.0
510.0
610.0
940.0
520.0
260.0
670.0
340.0
160.0
240.0
930.0
350.0
240.0
520.0
370.0
460.0
550.0
290.0
390.0
430.0
960.0
240.0
870.0
970.0
940.0
370.0
570.0
250.0
620.0
1220.0
510.0
370.0
350.0
550.0
680.0
920.0
200.0
310.0
570.0
280.0
330.0
1280.0
660.0
900.0
550.0
540.0
810.0
280.0
1170.0
350.0
1300.0
910.0
230.0
390.0
370.0
420.0
1890.0
1560.0
590.0
220.0
590.0
840.0
550.0
290.0
330.0
1640.0
380.0
500.0
250.0
290.0
260.0
1040.0
790.0
550.0
1140.0
350.0
730.0
620.0
200.0
680.0
320.0
480.0
880.0
280.0
460.0
390.0
400.0
1520.0
310.0
490.0
250.0
310.0
360.0
570.0
320.0
1340.0
640.0
240.0
530.0
280.0
220.0
500.0
240.0
1330.0
360.0
580.0
780.0
380.0
260.0
350.0
620.0
710.0
880.0
390.0
570.0
940.0
240.0
1690.0
690.0
390.0
930.0
360.0
350.0
1640.0
940.0
880.0
290.0
1250.0
380.0
850.0
1270.0
610.0
1920.0
840.0
730.0
630.0
890.0
790.0
400.0
1170.0
910.0
1960.0
780.0
680.0
370.0
990.0
530.0
860.0
320.0
930.0
370.0
1960.0
410.0
210.0
1380.0
870.0
1180.0
480.0
1660.0
540.0
700.0
960.0
490.0
2070.0
490.0
1400.0
550.0
250.0
980.0
950.0
300.0
440.0
520.0
360.0
610.0
930.0
840.0
610.0
620.0
630.0
490.0
190.0
1350.0
870.0
300.0
820.0
680.0
1360.0
1180.0
480.0
610.0
370.0
450.0
1360.0
520.0
740.0
530.0
420.0
250.0
920.0
560.0
920.0
540.0
910.0
380.0
620.0
230.0
460.0
230.0
430.0
840.0
310.0
770.0
1240.0
690.0
990.0
430.0
300.0
350.0
940.0
180.0
980.0
980.0
430.0
1560.0
610.0
1310.0
920.0
260.0
180.0
610.0
1660.0
350.0
450.0
930.0
840.0
910.0
330.0
780.0
350.0
290.0
860.0
1280.0
410.0
360.0
270.0
290.0
550.0
470.0
350.0
960.0
620.0
560.0
240.0
560.0
970.0
1310.0
1030.0
1380.0
320.0
1720.0
1140.0
550.0
1000.0
890.0
900.0
1650.0
1720.0
280.0
1260.0
770.0
350.0
520.0
310.0
330.0
230.0
530.0
720.0
920.0
200.0
240.0
660.0
430.0
910.0
250.0
360.0
900.0
760.0
360.0
620.0
470.0
370.0
830.0
480.0
360.0
1140.0
450.0
300.0
870.0
700.0
440.0
940.0
530.0
370.0
490.0
900.0
330.0
1620.0
780.0
320.0
1720.0
1040.0
740.0
900.0
390.0
570.0
1010.0
1590.0
390.0
1380.0
270.0
380.0
380.0
490.0
900.0
440.0
490.0
2130.0
980.0
910.0
440.0
1240.0
380.0
820.0
1170.0
320.0
600.0
330.0
430.0
480.0
1730.0
1260.0
1310.0
1710.0
3120.0
850.0
510.0
190.0
180.0
890.0
320.0
3650.0
240.0
520.0
1420.0
940.0
950.0
420.0
520.0
1250.0
380.0
780.0
560.0
290.0
820.0
410.0
370.0
760.0
440.0
240.0
1920.0
230.0
830.0
790.0
240.0
980.0
350.0
940.0
1650.0
560.0
980.0
750.0
480.0
440.0
970.0
990.0
1430.0
800.0
370.0
940.0
360.0
550.0
160.0
250.0
1330.0
1710.0
1330.0
910.0
410.0
410.0
520.0
260.0
250.0
240.0
460.0
250.0
380.0
300.0
580.0
300.0
330.0
1020.0
650.0
550.0
510.0
360.0
530.0
890.0
370.0
860.0
960.0
850.0
470.0
1520.0
990.0
330.0
920.0
450.0
2430.0
360.0
370.0
560.0
370.0
840.0
1660.0
2250.0
1970.0
550.0
900.0
600.0
900.0
330.0
320.0
990.0
800.0
410.0
530.0
1310.0
320.0
360.0
2190.0
200.0
840.0
540.0
310.0
850.0
550.0
380.0
1170.0
430.0
430.0
1520.0
910.0
780.0
150.0
250.0
940.0
880.0
640.0
240.0
840.0
760.0
500.0
1100.0
620.0
530.0
840.0
510.0
350.0
810.0
390.0
720.0
1000.0
720.0
350.0
520.0
480.0
410.0
230.0
1000.0
720.0
380.0
290.0
330.0
1580.0
440.0
780.0
330.0
690.0
870.0
190.0
680.0
690.0
200.0
330.0
560.0
1010.0
1040.0
320.0
740.0
540.0
860.0
180.0
1810.0
480.0
450.0
930.0
460.0
860.0
1180.0
250.0
620.0
340.0
450.0
370.0
150.0
380.0
360.0
470.0
290.0
800.0
370.0
970.0
980.0
490.0
1680.0
310.0
730.0
1410.0
600.0
1060.0
510.0
430.0
530.0
540.0
620.0
510.0
510.0
250.0
410.0
730.0
1540.0
300.0
260.0
840.0
470.0
690.0
380.0
520.0
270.0
550.0
360.0
790.0
720.0
350.0
220.0
1410.0
1110.0
240.0
1260.0
700.0
520.0
940.0
1560.0
940.0
450.0
240.0
350.0
510.0
600.0
930.0
690.0
370.0
330.0
1370.0
780.0
550.0
470.0
350.0
980.0
550.0
290.0
770.0
240.0
1720.0
620.0
410.0
320.0
490.0
1020.0
960.0
520.0
620.0
540.0
320.0
930.0
2230.0
870.0
870.0
370.0
920.0
530.0
380.0
480.0
1060.0
2160.0
410.0
580.0
590.0
900.0
460.0
620.0
670.0
970.0
420.0
1310.0
440.0
1720.0
500.0
900.0
2130.0
350.0
470.0
840.0
1310.0
530.0
880.0
280.0
2200.0
830.0
470.0
740.0
940.0
1680.0
570.0
910.0
380.0
190.0
590.0
550.0
190.0
520.0
240.0
1360.0
800.0
360.0
560.0
270.0
970.0
990.0
690.0
570.0
500.0
430.0
1310.0
180.0
720.0
450.0
2050.0
760.0
2020.0
1120.0
770.0
460.0
1060.0
380.0
550.0
460.0
360.0
440.0
1740.0
1290.0
240.0
220.0
960.0
880.0
730.0
780.0
590.0
950.0
440.0
670.0
470.0
360.0
560.0
690.0
1720.0
340.0
750.0
580.0
430.0
1030.0
470.0
290.0
600.0
520.0
620.0
380.0
290.0
430.0
630.0
610.0
290.0
300.0
330.0
240.0
360.0
710.0
690.0
900.0
450.0
480.0
1770.0
430.0
480.0
750.0
560.0
460.0
520.0
2220.0
320.0
530.0
830.0
910.0
900.0
260.0
440.0
260.0
570.0
1160.0
810.0
3350.0
1830.0
920.0
470.0
210.0
240.0
1230.0
310.0
580.0
500.0
880.0
430.0
470.0
640.0
900.0
430.0
1750.0
880.0
560.0
690.0
380.0
1080.0
830.0
410.0
690.0
210.0
490.0
1250.0
920.0
320.0
870.0
200.0
1040.0
450.0
1540.0
350.0
850.0
1460.0
950.0
550.0
900.0
600.0
910.0
350.0
350.0
450.0
850.0
250.0
290.0
900.0
600.0
260.0
1170.0
340.0
600.0
860.0
1100.0
560.0
800.0
230.0
420.0
540.0
520.0
920.0
300.0
300.0
980.0
770.0
230.0
540.0
390.0
970.0
240.0
1240.0
520.0
Results - Avg score: 694.88, Min: 130.0, Max: 3750.0