170.0
230.0
720.0
170.0
200.0
270.0
340.0
60.0
220.0
110.0
170.0
170.0
60.0
120.0
150.0
120.0
60.0
120.0
120.0
200.0
350.0
60.0
170.0
150.0
170.0
110.0
130.0
110.0
220.0
170.0
110.0
250.0
140.0
150.0
130.0
120.0
310.0
250.0
250.0
200.0
310.0
120.0
170.0
170.0
170.0
200.0
170.0
120.0
170.0
120.0
120.0
170.0
170.0
60.0
120.0
340.0
120.0
140.0
180.0
130.0
380.0
470.0
250.0
310.0
120.0
170.0
270.0
120.0
340.0
250.0
170.0
60.0
310.0
140.0
270.0
350.0
1580.0
170.0
220.0
120.0
110.0
250.0
60.0
120.0
60.0
110.0
220.0
250.0
120.0
100.0
110.0
170.0
110.0
310.0
220.0
130.0
170.0
150.0
170.0
120.0
120.0
180.0
120.0
200.0
380.0
260.0
120.0
310.0
170.0
170.0
470.0
250.0
170.0
200.0
170.0
170.0
1550.0
200.0
140.0
170.0
120.0
170.0
250.0
200.0
200.0
110.0
120.0
170.0
150.0
110.0
240.0
120.0
170.0
200.0
120.0
110.0
170.0
300.0
180.0
780.0
90.0
170.0
640.0
150.0
310.0
170.0
140.0
120.0
170.0
170.0
170.0
240.0
60.0
120.0
250.0
170.0
270.0
250.0
170.0
200.0
280.0
170.0
230.0
200.0
310.0
120.0
210.0
420.0
220.0
170.0
200.0
60.0
220.0
200.0
200.0
60.0
120.0
110.0
250.0
170.0
380.0
170.0
60.0
200.0
350.0
750.0
200.0
170.0
170.0
170.0
170.0
180.0
120.0
220.0
340.0
110.0
170.0
170.0
170.0
170.0
250.0
110.0
170.0
120.0
130.0
110.0
170.0
110.0
310.0
270.0
170.0
60.0
200.0
310.0
120.0
120.0
310.0
360.0
120.0
200.0
170.0
290.0
340.0
110.0
290.0
120.0
60.0
200.0
170.0
170.0
130.0
260.0
170.0
170.0
140.0
140.0
120.0
60.0
110.0
340.0
110.0
170.0
310.0
110.0
310.0
270.0
110.0
120.0
170.0
200.0
120.0
170.0
340.0
120.0
110.0
180.0
70.0
170.0
150.0
170.0
400.0
170.0
170.0
120.0
250.0
280.0
220.0
110.0
360.0
250.0
170.0
250.0
310.0
120.0
110.0
110.0
270.0
120.0
310.0
370.0
200.0
170.0
110.0
230.0
120.0
310.0
170.0
250.0
60.0
120.0
110.0
210.0
60.0
140.0
450.0
120.0
120.0
170.0
190.0
200.0
120.0
170.0
170.0
110.0
410.0
170.0
200.0
310.0
250.0
120.0
120.0
150.0
280.0
170.0
200.0
340.0
380.0
250.0
150.0
270.0
240.0
120.0
260.0
680.0
60.0
170.0
230.0
280.0
280.0
130.0
120.0
170.0
330.0
140.0
140.0
170.0
170.0
120.0
180.0
110.0
230.0
120.0
220.0
120.0
170.0
270.0
340.0
1600.0
280.0
120.0
690.0
120.0
120.0
260.0
90.0
200.0
200.0
230.0
140.0
110.0
170.0
250.0
120.0
170.0
60.0
120.0
280.0
60.0
120.0
100.0
170.0
170.0
200.0
310.0
170.0
120.0
110.0
250.0
60.0
200.0
170.0
110.0
80.0
120.0
140.0
170.0
170.0
170.0
120.0
170.0
200.0
170.0
120.0
110.0
340.0
170.0
170.0
170.0
110.0
260.0
170.0
120.0
120.0
60.0
120.0
110.0
270.0
120.0
790.0
110.0
210.0
110.0
260.0
170.0
170.0
140.0
250.0
170.0
170.0
190.0
310.0
110.0
120.0
60.0
170.0
370.0
120.0
160.0
120.0
250.0
170.0
220.0
270.0
120.0
170.0
170.0
350.0
170.0
120.0
350.0
170.0
170.0
380.0
140.0
170.0
170.0
120.0
120.0
60.0
60.0
110.0
310.0
190.0
170.0
200.0
120.0
270.0
120.0
250.0
120.0
110.0
60.0
170.0
120.0
200.0
170.0
110.0
120.0
170.0
110.0
120.0
170.0
200.0
200.0
340.0
170.0
180.0
200.0
210.0
170.0
110.0
170.0
200.0
60.0
240.0
110.0
120.0
170.0
70.0
140.0
130.0
220.0
270.0
260.0
120.0
170.0
120.0
280.0
110.0
140.0
110.0
270.0
170.0
220.0
180.0
280.0
190.0
140.0
1470.0
140.0
370.0
120.0
230.0
330.0
170.0
170.0
110.0
230.0
310.0
230.0
110.0
120.0
230.0
170.0
120.0
740.0
240.0
310.0
340.0
110.0
60.0
170.0
170.0
120.0
120.0
280.0
200.0
130.0
170.0
260.0
300.0
110.0
60.0
140.0
110.0
120.0
170.0
180.0
120.0
120.0
220.0
110.0
170.0
60.0
380.0
120.0
170.0
140.0
170.0
270.0
120.0
240.0
120.0
120.0
170.0
230.0
430.0
60.0
170.0
310.0
170.0
340.0
250.0
120.0
200.0
230.0
170.0
110.0
220.0
140.0
60.0
170.0
170.0
110.0
120.0
110.0
180.0
120.0
120.0
140.0
60.0
170.0
110.0
170.0
290.0
210.0
120.0
110.0
170.0
120.0
220.0
200.0
310.0
190.0
680.0
110.0
170.0
110.0
110.0
200.0
180.0
90.0
110.0
310.0
170.0
170.0
110.0
110.0
280.0
120.0
3210.0
130.0
120.0
210.0
670.0
380.0
120.0
760.0
110.0
170.0
200.0
110.0
150.0
250.0
120.0
140.0
170.0
780.0
350.0
120.0
110.0
390.0
120.0
180.0
300.0
170.0
230.0
140.0
170.0
110.0
170.0
170.0
110.0
270.0
310.0
170.0
210.0
170.0
170.0
200.0
200.0
380.0
110.0
170.0
60.0
200.0
110.0
170.0
670.0
170.0
170.0
110.0
200.0
120.0
110.0
170.0
170.0
180.0
120.0
170.0
140.0
170.0
120.0
170.0
170.0
120.0
120.0
170.0
120.0
140.0
200.0
170.0
170.0
170.0
170.0
200.0
170.0
110.0
200.0
60.0
170.0
120.0
120.0
60.0
250.0
290.0
200.0
140.0
110.0
170.0
110.0
130.0
120.0
170.0
170.0
230.0
170.0
380.0
110.0
120.0
60.0
110.0
60.0
100.0
140.0
170.0
60.0
190.0
120.0
120.0
120.0
200.0
120.0
120.0
170.0
110.0
200.0
120.0
170.0
160.0
380.0
200.0
90.0
330.0
230.0
290.0
240.0
120.0
170.0
140.0
120.0
150.0
170.0
170.0
200.0
110.0
110.0
150.0
120.0
130.0
130.0
200.0
250.0
310.0
310.0
220.0
140.0
180.0
200.0
170.0
310.0
110.0
120.0
200.0
70.0
390.0
120.0
210.0
60.0
170.0
120.0
120.0
60.0
310.0
120.0
170.0
110.0
230.0
170.0
340.0
200.0
110.0
310.0
230.0
110.0
170.0
470.0
230.0
310.0
200.0
170.0
120.0
120.0
110.0
200.0
200.0
220.0
110.0
270.0
220.0
230.0
340.0
120.0
310.0
120.0
120.0
140.0
110.0
200.0
120.0
110.0
170.0
120.0
310.0
290.0
310.0
60.0
1470.0
180.0
350.0
170.0
130.0
280.0
170.0
310.0
290.0
140.0
200.0
110.0
170.0
170.0
120.0
310.0
250.0
170.0
170.0
110.0
170.0
200.0
60.0
340.0
110.0
170.0
120.0
120.0
170.0
120.0
120.0
200.0
170.0
380.0
60.0
110.0
250.0
170.0
120.0
170.0
90.0
150.0
340.0
220.0
170.0
120.0
110.0
340.0
170.0
200.0
170.0
320.0
310.0
290.0
120.0
330.0
180.0
220.0
100.0
280.0
200.0
200.0
280.0
120.0
200.0
200.0
340.0
140.0
780.0
120.0
170.0
260.0
120.0
60.0
300.0
170.0
110.0
110.0
270.0
60.0
110.0
170.0
170.0
60.0
110.0
300.0
330.0
110.0
400.0
110.0
690.0
170.0
240.0
170.0
110.0
280.0
170.0
120.0
170.0
140.0
310.0
220.0
190.0
140.0
340.0
120.0
170.0
320.0
340.0
250.0
220.0
140.0
130.0
110.0
350.0
180.0
110.0
170.0
60.0
220.0
90.0
170.0
200.0
340.0
60.0
60.0
170.0
250.0
170.0
60.0
170.0
120.0
140.0
120.0
340.0
230.0
210.0
750.0
380.0
120.0
720.0
350.0
110.0
310.0
120.0
120.0
110.0
110.0
280.0
120.0
250.0
120.0
60.0
120.0
170.0
150.0
310.0
170.0
110.0
110.0
120.0
190.0
190.0
200.0
200.0
120.0
270.0
250.0
200.0
120.0
110.0
190.0
170.0
120.0
110.0
200.0
120.0
170.0
170.0
170.0
370.0
350.0
270.0
170.0
310.0
110.0
80.0
160.0
170.0
170.0
170.0
200.0
200.0
110.0
280.0
200.0
170.0
170.0
170.0
140.0
310.0
250.0
170.0
180.0
60.0
350.0
280.0
320.0
140.0
340.0
210.0
120.0
90.0
120.0
170.0
110.0
120.0
120.0
200.0
170.0
250.0
200.0
250.0
170.0
340.0
120.0
120.0
170.0
120.0
120.0
80.0
1490.0
280.0
170.0
170.0
110.0
170.0
110.0
170.0
190.0
200.0
200.0
120.0
170.0
190.0
170.0
70.0
120.0
230.0
290.0
1490.0
120.0
120.0
120.0
240.0
180.0
170.0
140.0
200.0
90.0
200.0
120.0
330.0
110.0
340.0
840.0
170.0
300.0
120.0
170.0
170.0
120.0
670.0
110.0
110.0
200.0
150.0
110.0
200.0
220.0
140.0
110.0
170.0
340.0
170.0
170.0
170.0
170.0
120.0
210.0
340.0
170.0
140.0
110.0
170.0
110.0
170.0
140.0
170.0
110.0
120.0
170.0
310.0
170.0
120.0
380.0
120.0
60.0
130.0
120.0
170.0
60.0
170.0
90.0
170.0
110.0
110.0
170.0
120.0
120.0
380.0
150.0
120.0
140.0
110.0
120.0
250.0
720.0
130.0
250.0
110.0
200.0
170.0
630.0
170.0
220.0
1490.0
390.0
110.0
130.0
120.0
110.0
200.0
120.0
110.0
110.0
280.0
130.0
60.0
110.0
260.0
220.0
760.0
170.0
170.0
120.0
230.0
280.0
180.0
300.0
120.0
120.0
110.0
170.0
120.0
250.0
310.0
120.0
60.0
120.0
90.0
120.0
170.0
230.0
120.0
250.0
200.0
200.0
170.0
200.0
170.0
120.0
120.0
170.0
150.0
140.0
170.0
120.0
120.0
170.0
120.0
110.0
140.0
170.0
120.0
280.0
120.0
310.0
110.0
90.0
110.0
110.0
320.0
610.0
60.0
110.0
380.0
110.0
170.0
200.0
170.0
110.0
470.0
110.0
310.0
270.0
120.0
120.0
60.0
690.0
140.0
230.0
60.0
120.0
170.0
170.0
120.0
130.0
170.0
140.0
170.0
200.0
170.0
120.0
240.0
340.0
120.0
100.0
170.0
120.0
310.0
120.0
110.0
110.0
170.0
130.0
110.0
200.0
170.0
170.0
110.0
170.0
220.0
110.0
120.0
170.0
120.0
60.0
310.0
350.0
840.0
350.0
170.0
360.0
220.0
160.0
200.0
280.0
140.0
120.0
110.0
140.0
350.0
120.0
120.0
240.0
120.0
280.0
110.0
150.0
380.0
110.0
170.0
200.0
250.0
60.0
170.0
270.0
720.0
380.0
170.0
250.0
280.0
170.0
320.0
160.0
120.0
110.0
170.0
110.0
220.0
200.0
170.0
220.0
250.0
1410.0
170.0
170.0
170.0
200.0
210.0
60.0
150.0
120.0
350.0
60.0
170.0
310.0
60.0
200.0
120.0
110.0
280.0
200.0
150.0
170.0
170.0
220.0
110.0
230.0
110.0
200.0
90.0
110.0
170.0
150.0
110.0
170.0
120.0
120.0
60.0
250.0
170.0
110.0
340.0
120.0
60.0
170.0
170.0
150.0
320.0
350.0
60.0
190.0
230.0
120.0
310.0
120.0
110.0
120.0
170.0
190.0
60.0
60.0
60.0
60.0
150.0
250.0
370.0
260.0
90.0
320.0
170.0
60.0
310.0
230.0
60.0
250.0
170.0
220.0
60.0
310.0
210.0
110.0
170.0
120.0
710.0
120.0
250.0
200.0
300.0
60.0
170.0
120.0
170.0
250.0
80.0
200.0
170.0
150.0
170.0
170.0
60.0
120.0
120.0
170.0
170.0
70.0
110.0
230.0
170.0
1620.0
170.0
170.0
110.0
140.0
290.0
170.0
170.0
120.0
140.0
270.0
140.0
120.0
110.0
240.0
120.0
170.0
120.0
170.0
110.0
170.0
680.0
120.0
120.0
110.0
340.0
170.0
170.0
120.0
140.0
150.0
320.0
160.0
120.0
310.0
110.0
200.0
120.0
170.0
170.0
150.0
60.0
170.0
170.0
220.0
170.0
220.0
170.0
60.0
120.0
110.0
350.0
170.0
170.0
310.0
60.0
120.0
170.0
120.0
110.0
120.0
60.0
850.0
110.0
120.0
110.0
210.0
110.0
110.0
310.0
250.0
120.0
120.0
110.0
170.0
780.0
80.0
170.0
110.0
190.0
280.0
170.0
110.0
310.0
180.0
160.0
160.0
110.0
110.0
60.0
130.0
140.0
110.0
110.0
120.0
150.0
120.0
250.0
60.0
120.0
140.0
120.0
280.0
120.0
90.0
170.0
110.0
110.0
60.0
170.0
170.0
60.0
250.0
260.0
110.0
200.0
120.0
150.0
60.0
120.0
170.0
110.0
150.0
120.0
140.0
120.0
120.0
400.0
210.0
110.0
310.0
120.0
250.0
170.0
110.0
250.0
120.0
140.0
60.0
290.0
120.0
60.0
130.0
310.0
120.0
330.0
60.0
120.0
60.0
170.0
150.0
60.0
250.0
60.0
170.0
110.0
200.0
200.0
280.0
270.0
120.0
200.0
170.0
230.0
200.0
110.0
250.0
120.0
60.0
770.0
280.0
170.0
170.0
130.0
200.0
200.0
280.0
120.0
60.0
110.0
170.0
170.0
120.0
150.0
270.0
120.0
120.0
120.0
350.0
350.0
200.0
140.0
120.0
170.0
170.0
110.0
60.0
250.0
120.0
200.0
120.0
310.0
170.0
170.0
60.0
170.0
310.0
310.0
200.0
120.0
170.0
170.0
170.0
220.0
260.0
170.0
120.0
170.0
110.0
120.0
170.0
290.0
310.0
120.0
200.0
310.0
110.0
290.0
220.0
230.0
200.0
270.0
120.0
120.0
60.0
120.0
290.0
110.0
220.0
170.0
110.0
110.0
120.0
170.0
120.0
250.0
240.0
260.0
170.0
120.0
200.0
60.0
230.0
170.0
170.0
280.0
170.0
110.0
200.0
120.0
110.0
110.0
170.0
200.0
310.0
110.0
120.0
100.0
170.0
170.0
200.0
170.0
170.0
110.0
780.0
60.0
110.0
200.0
120.0
60.0
320.0
120.0
200.0
170.0
80.0
120.0
180.0
110.0
120.0
270.0
310.0
120.0
280.0
120.0
120.0
170.0
170.0
120.0
170.0
250.0
340.0
110.0
180.0
170.0
200.0
150.0
170.0
120.0
180.0
310.0
170.0
170.0
170.0
200.0
110.0
720.0
110.0
120.0
120.0
170.0
110.0
170.0
120.0
130.0
190.0
120.0
120.0
120.0
130.0
170.0
170.0
290.0
110.0
110.0
110.0
140.0
360.0
170.0
190.0
170.0
220.0
230.0
120.0
120.0
110.0
110.0
880.0
120.0
110.0
170.0
170.0
350.0
200.0
120.0
170.0
250.0
190.0
170.0
120.0
170.0
250.0
200.0
60.0
110.0
250.0
120.0
340.0
110.0
290.0
170.0
1490.0
110.0
140.0
140.0
110.0
120.0
110.0
170.0
70.0
110.0
250.0
200.0
190.0
380.0
60.0
60.0
110.0
140.0
310.0
310.0
350.0
240.0
170.0
120.0
170.0
120.0
170.0
60.0
240.0
170.0
380.0
140.0
220.0
200.0
170.0
120.0
110.0
170.0
290.0
170.0
170.0
60.0
120.0
250.0
110.0
240.0
170.0
120.0
340.0
120.0
60.0
220.0
200.0
120.0
210.0
120.0
180.0
250.0
120.0
120.0
250.0
110.0
110.0
310.0
110.0
380.0
190.0
110.0
170.0
240.0
120.0
170.0
120.0
380.0
120.0
350.0
110.0
170.0
340.0
120.0
120.0
170.0
230.0
160.0
200.0
350.0
1550.0
140.0
160.0
300.0
200.0
260.0
200.0
60.0
200.0
120.0
120.0
390.0
110.0
180.0
260.0
240.0
170.0
150.0
340.0
170.0
170.0
220.0
70.0
170.0
170.0
250.0
340.0
170.0
170.0
120.0
110.0
310.0
120.0
130.0
200.0
170.0
260.0
150.0
110.0
220.0
340.0
120.0
110.0
120.0
170.0
170.0
140.0
130.0
170.0
250.0
180.0
120.0
120.0
110.0
310.0
250.0
120.0
220.0
190.0
270.0
200.0
60.0
170.0
120.0
110.0
110.0
120.0
170.0
110.0
120.0
170.0
110.0
210.0
120.0
250.0
310.0
120.0
450.0
110.0
110.0
110.0
630.0
250.0
170.0
280.0
120.0
120.0
110.0
60.0
170.0
260.0
70.0
170.0
310.0
250.0
110.0
170.0
120.0
260.0
110.0
170.0
170.0
120.0
340.0
170.0
170.0
Results - Avg score: 195.30, Min: 60.0, Max: 3210.0